type      = 1 # LINEAR_RAS_TO_RAS
nxforms   = 1
mean      = 0.0000 0.0000 0.0000
sigma     = 1.0000
1 4 4
1.013414859771729e+00 1.111306995153427e-02 -1.266204752027988e-02 1.321412335304339e+01
-2.312225103378296e-02 1.061292171478271e+00 2.332773506641388e-01 6.761272199744189e+01
2.899273484945297e-02 -2.156731486320496e-01 1.056802988052368e+00 7.895820513059596e+01
0.000000000000000e+00 0.000000000000000e+00 0.000000000000000e+00 1.000000000000000e+00
src volume info
valid = 1
filename = none
volume = 179 181 227
voxelsize = 1.000000000000000e+00 1.000000000000000e+00 1.000000000000000e+00
xras   = -1.000000000000000e+00 0.000000000000000e+00 0.000000000000000e+00
yras   = 0.000000000000000e+00 0.000000000000000e+00 -1.000000000000000e+00
zras   = 0.000000000000000e+00 1.000000000000000e+00 0.000000000000000e+00
cras   = -1.201399230957031e+01 -5.287139892578125e+01 -8.014259338378906e+01
dst volume info
valid = 1
filename = none
volume = 152 189 162
voxelsize = 1.000000000000000e+00 1.000000000000000e+00 1.000000000000000e+00
xras   = 1.000000000000000e+00 0.000000000000000e+00 0.000000000000000e+00
yras   = 0.000000000000000e+00 1.000000000000000e+00 0.000000000000000e+00
zras   = 0.000000000000000e+00 0.000000000000000e+00 1.000000000000000e+00
cras   = 0.000000000000000e+00 -1.750000000000000e+01 5.000000000000000e+00
