type      = 0 # LINEAR_VOX_TO_VOX
nxforms   = 1
mean      = 0.0000 0.0000 0.0000
sigma     = 1.0000
1 4 4
-9.862038493156433e-01 7.585287094116211e-03 -1.349053345620632e-02 2.247967224121094e+02 
2.169763296842575e-02 -1.842058748006821e-01 -9.053289890289307e-01 2.248563385009766e+02 
2.625555917620659e-02 9.015931487083435e-01 -1.987019181251526e-01 2.872236633300781e+01 
0.000000000000000e+00 0.000000000000000e+00 0.000000000000000e+00 9.999999403953552e-01 
src volume info
valid = 1  # volume info valid
filename = /autofs/space/curv_001/users/fs-mni152-atlas/mni_icbm152_nlin_asym_09c/reg-targets/mni152.1.0mm.nii.gz
volume = 193 229 193
voxelsize = 1.000000000000000e+00 1.000000000000000e+00 1.000000000000000e+00
xras   = 1.000000000000000e+00 -0.000000000000000e+00 0.000000000000000e+00
yras   = -0.000000000000000e+00 1.000000000000000e+00 0.000000000000000e+00
zras   = -0.000000000000000e+00 -0.000000000000000e+00 1.000000000000000e+00
cras   = 5.000000000000000e-01 -1.750000000000000e+01 1.850000000000000e+01
dst volume info
valid = 1  # volume info valid
filename = /Applications/freesurfer/8.0.0/subjects/sub125/mri/orig.mgz
volume = 256 256 256
voxelsize = 1.000000000000000e+00 1.000000000000000e+00 1.000000000000000e+00
xras   = -1.000000000000000e+00 0.000000000000000e+00 0.000000000000000e+00
yras   = 0.000000000000000e+00 0.000000000000000e+00 -1.000000000000000e+00
zras   = 0.000000000000000e+00 1.000000000000000e+00 0.000000000000000e+00
cras   = -1.151399230957031e+01 -5.237139892578125e+01 -7.964259338378906e+01
fscale 0.100000
