type      = 1 # LINEAR_RAS_TO_RAS
nxforms   = 1
mean      = 0.0000 0.0000 0.0000
sigma     = 1.0000
1 4 4
1.013414621353149e+00 1.111306529492140e-02 -1.266204472631216e-02 1.321413707733154e+01 
-2.312224544584751e-02 1.061291933059692e+00 2.332772612571716e-01 6.761269378662109e+01 
2.899272181093693e-02 -2.156730592250824e-01 1.056802630424500e+00 7.895818328857422e+01 
0.000000000000000e+00 0.000000000000000e+00 0.000000000000000e+00 1.000000000000000e+00 
src volume info
valid = 1  # volume info valid
filename = /Applications/freesurfer/8.0.0/subjects/sub125/mri/orig.mgz
volume = 256 256 256
voxelsize = 1.000000000000000e+00 1.000000000000000e+00 1.000000000000000e+00
xras   = -1.000000000000000e+00 0.000000000000000e+00 0.000000000000000e+00
yras   = 0.000000000000000e+00 0.000000000000000e+00 -1.000000000000000e+00
zras   = 0.000000000000000e+00 1.000000000000000e+00 0.000000000000000e+00
cras   = -1.151399230957031e+01 -5.237139892578125e+01 -7.964259338378906e+01
dst volume info
valid = 1  # volume info valid
filename = /autofs/space/curv_001/users/fs-mni152-atlas/mni_icbm152_nlin_asym_09c/reg-targets/mni152.1.0mm.nii.gz
volume = 193 229 193
voxelsize = 1.000000000000000e+00 1.000000000000000e+00 1.000000000000000e+00
xras   = 1.000000000000000e+00 -0.000000000000000e+00 0.000000000000000e+00
yras   = -0.000000000000000e+00 1.000000000000000e+00 0.000000000000000e+00
zras   = -0.000000000000000e+00 -0.000000000000000e+00 1.000000000000000e+00
cras   = 5.000000000000000e-01 -1.750000000000000e+01 1.850000000000000e+01
fscale 0.100000
