# transform file transforms/cc_up.lta
# created by root on Fri Mar 28 15:52:46 2025

type      = 0 # LINEAR_VOX_TO_VOX
nxforms   = 1
mean      = 130.0000 132.0000 119.0000
sigma     = 10000.0000
1 4 4
9.986355900764465e-01 -5.039628595113754e-02 -1.368098892271519e-02 6.491519927978516e+00 
5.039155483245850e-02 9.987292885780334e-01 -6.903482135385275e-04 6.671857357025146e+00 
1.369839534163475e-02 0.000000000000000e+00 9.999061822891235e-01 1.522962379455566e+01 
0.000000000000000e+00 0.000000000000000e+00 0.000000000000000e+00 1.000000000000000e+00 
src volume info
valid = 1  # volume info valid
filename = /Applications/freesurfer/8.0.0/subjects/sub125/mri/norm.mgz
volume = 256 256 256
voxelsize = 1.000000000000000e+00 1.000000000000000e+00 1.000000000000000e+00
xras   = -1.000000000000000e+00 0.000000000000000e+00 0.000000000000000e+00
yras   = 0.000000000000000e+00 0.000000000000000e+00 -1.000000000000000e+00
zras   = 0.000000000000000e+00 1.000000000000000e+00 0.000000000000000e+00
cras   = -1.151399230957031e+01 -5.237139892578125e+01 -7.964259338378906e+01
dst volume info
valid = 1  # volume info valid
filename = /Applications/freesurfer/8.0.0/subjects/sub125/mri/norm.mgz
volume = 256 256 256
voxelsize = 1.000000000000000e+00 1.000000000000000e+00 1.000000000000000e+00
xras   = -1.000000000000000e+00 0.000000000000000e+00 0.000000000000000e+00
yras   = 0.000000000000000e+00 0.000000000000000e+00 -1.000000000000000e+00
zras   = 0.000000000000000e+00 1.000000000000000e+00 0.000000000000000e+00
cras   = -1.151399230957031e+01 -5.237139892578125e+01 -7.964259338378906e+01
